LM=7
43.6719007824559 474.683131952946
10.5596423058498 424.324905519774
-21.8627774524937 376.726033959653
-26.0018097620695 355.341033693511
8.49012615106193 322.918613935168
40.2227071911429 274.629903656784
56.0889977111833 372.587001650077
ID=1130.jpg

LM=7
46.4312556555065 474.683131952946
4.35109384148616 415.35700218236
-21.8627774524937 367.068291903976
-17.0339064246553 353.271517538724
14.0088358971629 317.399904189067
46.4312556555065 273.250226220259
47.8109330920317 376.726033959653
ID=1525.jpg

LM=7
41.6023846276681 480.89168041731
-10.1355192420291 445.020067067653
-21.1729387342311 396.731356789269
-14.9643902698674 356.030872411774
6.42060999627405 318.779581625592
43.6719007824559 273.940064938521
47.8109330920317 384.314259860542
ID=2150.jpg

LM=7
67.8162559216479 476.062809389471
19.527545643264 445.020067067653
-29.4510033533826 417.426518337148
-41.86810028211 362.9292595944
5.73077127801144 311.191355724703
57.4686751477086 274.629903656784
74.7146431042743 370.517485495289
ID=2444.jpg

LM=7
55.3991589929207 475.372970671209
14.6986746154256 419.496034491936
-39.7985841273221 379.485388832703
-36.3493905360089 366.378453185714
19.527545643264 315.330388034279
56.7788364294459 273.940064938521
67.1264172033853 374.656517804865
ID=869.jpg

LM=7
34.7039974450418 473.993293234684
-3.23713205940278 436.742002448502
-13.5847128333422 398.800872944057
-10.1355192420291 369.137808058764
0.90190025017299 328.437323681269
38.8430297546176 274.629903656784
40.9125459094055 381.554904987491
ID=2442.jpg

LM=7
61.6077074572843 476.752648107734
13.3189971789003 446.399744504178
-35.6595518177463 443.640389631128
-40.4884228455847 356.720711130037
3.66125512322355 314.640549316016
65.7467397668601 274.629903656784
68.5060946399106 376.726033959653
ID=2457.jpg

LM=7
70.5756107946985 476.062809389471
13.3189971789003 433.292808857188
-44.6274551551605 406.389098844946
-46.6969713099484 372.587001650077
6.42060999627405 316.020226752542
69.8857720764358 273.940064938521
77.4739979773248 378.105711396178
ID=2201.jpg

LM=7
56.0889977111833 476.062809389471
2.28157768669827 449.159099377229
-44.6274551551605 425.7045829563
-44.6274551551605 344.993452919572
-3.23713205940278 309.121839569915
51.2601266833449 273.940064938521
74.7146431042743 376.03619524139
ID=2186.jpg

LM=7
57.4686751477086 475.372970671209
8.49012615106193 400.180550380582
-36.3493905360089 351.891840102198
-35.6595518177463 338.095065736946
16.7681907702135 308.432000851653
62.2975461755469 273.940064938521
58.8483525842338 369.137808058764
ID=328.jpg

LM=7
56.7788364294459 473.993293234684
3.66125512322355 442.260712194603
-29.4510033533826 392.592324479693
-29.4510033533826 385.004098578804
2.28157768669827 317.399904189067
53.3296428381328 274.629903656784
53.3296428381328 377.415872677916
ID=871.jpg

LM=7
48.5007718102943 473.993293234684
5.73077127801144 420.875711928461
-26.0018097620695 387.763453451855
-25.3119710438069 372.587001650077
18.8377069250014 329.817001117794
34.7039974450418 274.629903656784
53.3296428381328 381.554904987491
ID=697.jpg

LM=7
89.2012561877894 476.752648107734
16.0783520519508 462.266035024219
-70.8413264491403 437.431841166764
-64.6327779847767 369.137808058764
7.11044871453665 322.918613935168
82.9927077234258 274.629903656784
100.928514398254 379.485388832703
ID=2213.jpg

LM=7
39.5328684728802 476.062809389471
16.0783520519508 412.59764730931
-23.242454889019 369.137808058764
-25.3119710438069 362.239420876138
19.527545643264 324.298291371693
47.1210943737691 274.629903656784
NA NA
ID=1535.jpg

LM=7
58.8483525842338 473.993293234684
7.80028743279926 439.501357321552
-32.9001969446958 427.774099111087
-50.1461649012615 376.726033959653
9.17996486932454 320.84909778038
69.8857720764358 275.319742375047
79.5435141321126 378.105711396178
ID=2253.jpg

LM=7
49.190610528557 474.683131952946
5.04093255974877 451.228615532017
-26.0018097620695 440.191196039815
-28.76116463512 376.726033959653
10.5596423058498 316.020226752542
53.3296428381328 273.940064938521
58.8483525842338 380.865066269229
ID=2117.jpg

LM=7
53.3296428381328 475.372970671209
7.11044871453665 445.020067067653
-28.76116463512 399.49071166232
-28.76116463512 387.763453451855
6.42060999627405 331.196678554319
52.6398041198701 273.940064938521
49.8804492468196 380.175227550966
ID=2226.jpg

LM=7
56.7788364294459 474.683131952946
12.6291584606377 453.298131686805
-32.9001969446958 442.950550912865
-35.6595518177463 370.517485495289
3.66125512322355 324.298291371693
56.7788364294459 274.629903656784
58.8483525842338 380.865066269229
ID=2838.jpg

LM=7
38.153191036355 475.372970671209
4.35109384148616 403.629743971895
-27.3814871985948 376.726033959653
-23.9322936072816 363.619098312663
12.6291584606377 319.469420343855
53.3296428381328 274.629903656784
51.9499654016075 374.656517804865
ID=1532.jpg

LM=7
56.7788364294459 475.372970671209
3.66125512322355 446.399744504178
-28.76116463512 427.774099111087
-44.6274551551605 360.16990472135
0.90190025017299 316.020226752542
60.9178687390217 273.250226220259
74.7146431042743 373.27684036834
ID=2256.jpg

LM=7
62.9873848938095 476.752648107734
0.212061531910384 443.640389631128
-48.0766487464736 401.560227817107
-50.1461649012615 338.095065736946
-1.8574546228775 300.843774950764
79.5435141321126 278.079097248097
78.1638366955874 372.587001650077
ID=2454.jpg

LM=7
56.7788364294459 473.303454516421
7.11044871453665 409.148453717996
-30.8306807899079 350.512162665673
-29.4510033533826 342.923936764784
14.0088358971629 318.779581625592
48.5007718102943 274.629903656784
54.709320274658 379.485388832703
ID=915.jpg

LM=7
56.0889977111833 474.683131952946
9.86980358758715 448.469260658966
-31.5205195081705 437.431841166764
-32.2103582264331 357.410549848299
14.0088358971629 324.988130089956
57.4686751477086 273.940064938521
62.9873848938095 382.244743705754
ID=2197.jpg

LM=7
45.0515782189812 476.062809389471
15.3885133336882 398.111034225794
-28.0713259168574 356.720711130037
-23.9322936072816 348.442646510885
17.4580294884761 320.159259062117
54.0194815563954 276.009581093309
57.4686751477086 374.656517804865
ID=601.jpg

LM=7
32.6344812902539 475.372970671209
9.17996486932454 386.38377601533
-11.5151966785543 370.517485495289
-10.1355192420291 361.549582157875
9.17996486932454 323.608452653431
31.2548038537286 273.940064938521
38.153191036355 375.346356523128
ID=1175.jpg

LM=7
51.2601266833449 476.062809389471
11.2494810241124 409.148453717996
-23.242454889019 391.902485761431
-24.6221323255443 387.073614733592
7.11044871453665 343.613775483047
47.1210943737691 273.940064938521
49.8804492468196 379.485388832703
ID=114.jpg

LM=7
51.9499654016075 475.372970671209
5.73077127801144 457.43716399638
-35.6595518177463 442.950550912865
-35.6595518177463 356.720711130037
7.80028743279926 322.228775216905
49.8804492468196 273.940064938521
63.6772236120722 380.175227550966
ID=2430.jpg

LM=7
41.6023846276681 476.062809389471
3.66125512322355 396.041518071007
-25.3119710438069 367.068291903976
-21.8627774524937 355.341033693511
9.17996486932454 324.988130089956
35.3938361633044 273.940064938521
48.5007718102943 378.105711396178
ID=1356.jpg

LM=7
53.3296428381328 476.062809389471
6.42060999627405 429.843615265875
-26.0018097620695 405.009421408421
-26.0018097620695 346.373130356097
5.73077127801144 304.292968542077
49.8804492468196 273.940064938521
56.7788364294459 378.105711396178
ID=2113.jpg

LM=7
55.3991589929207 475.372970671209
5.73077127801144 451.228615532017
-28.0713259168574 448.469260658966
-21.1729387342311 364.998775749188
-0.477777186352223 326.367807526481
51.2601266833449 273.940064938521
53.3296428381328 377.415872677916
ID=2170.jpg

LM=7
65.7467397668601 473.993293234684
0.212061531910384 385.004098578804
-65.3226167030393 311.881194442966
-43.9376164368979 274.629903656784
17.4580294884761 285.667323148986
82.9927077234258 295.325065204663
89.2012561877894 378.795550114441
ID=2116.jpg

LM=7
21.5970617980519 476.062809389471
2.28157768669827 380.175227550966
-14.2745515516048 340.164581891734
-13.5847128333422 336.025549582158
9.86980358758715 307.052323415127
30.564965135466 273.940064938521
41.6023846276681 378.105711396178
ID=718.jpg

LM=7
54.0194815563954 474.683131952946
9.17996486932454 443.640389631128
-32.9001969446958 420.875711928461
-39.1087454090594 367.758130622239
3.66125512322355 319.469420343855
58.8483525842338 273.940064938521
69.8857720764358 381.554904987491
ID=2381.jpg

LM=7
59.5381913024964 475.372970671209
5.73077127801144 430.533453984138
-49.4563261829988 385.004098578804
-39.1087454090594 336.71538830042
9.17996486932454 310.501517006441
65.7467397668601 272.560387501996
73.334965667749 379.485388832703
ID=2203.jpg

LM=7
65.7467397668601 474.683131952946
0.212061531910384 434.672486293714
-37.7290679725342 394.661840634481
-32.9001969446958 367.758130622239
8.49012615106193 322.918613935168
64.3670623303348 275.319742375047
67.1264172033853 373.966679086602
ID=2370.jpg

LM=7
31.2548038537286 476.062809389471
-2.54729334114011 380.865066269229
-28.76116463512 353.961356256986
-26.0018097620695 344.993452919572
9.86980358758715 322.228775216905
39.5328684728802 272.560387501996
43.6719007824559 379.485388832703
ID=545.jpg

LM=7
98.1691595252036 472.613615798158
-7.37616436897856 449.848938095491
-85.3279395326555 419.496034491936
-57.0445520838878 279.458774684622
31.2548038537286 280.838452121148
104.377707989567 294.6352264864
113.345611326981 385.004098578804
ID=2228.jpg

LM=7
42.9820620641933 473.993293234684
10.5596423058498 415.35700218236
-20.4831000159685 374.656517804865
-19.1034225794432 361.549582157875
15.3885133336882 326.367807526481
42.9820620641933 273.940064938521
45.0515782189812 378.105711396178
ID=1601.jpg

LM=7
38.8430297546176 473.993293234684
-7.37616436897856 433.292808857188
-20.4831000159685 396.731356789269
-21.1729387342311 362.9292595944
-3.23713205940278 309.121839569915
39.5328684728802 275.319742375047
41.6023846276681 373.27684036834
ID=2378.jpg

LM=7
44.3617395007186 472.613615798158
10.5596423058498 458.816841432906
-26.0018097620695 449.848938095491
-27.3814871985948 376.03619524139
5.04093255974877 325.677968808218
46.4312556555065 273.940064938521
56.0889977111833 382.934582424017
ID=2195.jpg

LM=7
38.153191036355 476.062809389471
3.66125512322355 441.57087347634
-29.4510033533826 411.907808591047
-21.1729387342311 360.859743439612
5.04093255974877 325.677968808218
47.8109330920317 276.009581093309
56.0889977111833 377.415872677916
ID=2257.jpg

LM=7
47.8109330920317 476.062809389471
5.73077127801144 442.950550912865
-40.4884228455847 425.7045829563
-43.2477777186352 361.549582157875
-6.68632565071588 307.052323415127
53.3296428381328 277.389258529834
69.8857720764358 380.865066269229
ID=2143.jpg

LM=7
51.9499654016075 476.062809389471
11.939319742375 445.020067067653
-28.76116463512 418.806195773673
-28.76116463512 386.38377601533
-1.1676159046149 336.025549582158
45.0515782189812 273.250226220259
60.9178687390217 384.314259860542
ID=2131.jpg

LM=7
76.0943205407995 476.062809389471
11.939319742375 451.228615532017
-57.7343908021504 415.35700218236
-58.424229520413 382.244743705754
-1.1676159046149 326.367807526481
81.6130302869005 273.940064938521
89.2012561877894 376.03619524139
ID=2259.jpg

LM=7
51.2601266833449 476.062809389471
6.42060999627405 422.255389364986
-25.3119710438069 393.282163197956
-25.3119710438069 382.244743705754
8.49012615106193 330.506839836057
47.8109330920317 276.009581093309
56.7788364294459 380.865066269229
ID=120.jpg

LM=7
87.8215787512642 476.062809389471
13.3189971789003 456.747325278118
-48.0766487464736 435.362325011976
-59.8039069569383 356.720711130037
-4.616809495928 315.330388034279
84.372385159951 276.699419811572
74.7146431042743 378.795550114441
ID=2112.jpg

LM=7
84.372385159951 473.993293234684
14.0088358971629 450.538776813754
-63.2531005482515 449.848938095491
-66.7022941395646 347.06296907436
5.04093255974877 304.98280726034
85.0622238782137 273.940064938521
98.8589982434662 369.137808058764
ID=2231.jpg

LM=7
41.6023846276681 474.683131952946
-1.8574546228775 436.052163730239
-32.9001969446958 419.496034491936
-22.5526161707564 358.790227284825
8.49012615106193 319.469420343855
50.5702879650822 275.319742375047
56.0889977111833 385.004098578804
ID=2214.jpg

LM=7
96.0996433704157 464.335551179007
7.80028743279926 430.533453984138
-94.9856815883323 387.073614733592
-79.8092297865545 331.886517272582
13.3189971789003 303.603129823814
106.447224144355 289.116516740299
122.313514664396 373.966679086602
ID=2424.jpg

LM=7
71.9552882312237 472.613615798158
10.5596423058498 396.041518071007
-47.386810028211 336.025549582158
-35.6595518177463 321.538936498643
14.0088358971629 308.432000851653
70.5756107946985 274.629903656784
67.8162559216479 380.865066269229
ID=1661.jpg

LM=7
33.3243200085165 473.993293234684
7.80028743279926 403.629743971895
-8.06600308724117 359.480066003087
-8.06600308724117 353.271517538724
15.3885133336882 316.020226752542
33.3243200085165 273.250226220259
33.3243200085165 382.934582424017
ID=1112.jpg

LM=7
45.0515782189812 472.613615798158
2.28157768669827 416.046840900623
-20.4831000159685 365.688614467451
-19.7932612977058 359.480066003087
9.86980358758715 318.779581625592
49.190610528557 275.319742375047
42.2922233459307 377.415872677916
ID=346.jpg

LM=7
36.7735135998297 474.683131952946
7.11044871453665 387.073614733592
-12.2050353968169 372.587001650077
-14.2745515516048 362.239420876138
1.59173896843566 351.891840102198
34.7039974450418 275.319742375047
40.2227071911429 374.656517804865
ID=541.jpg

LM=7
27.1157715441529 474.683131952946
-1.1676159046149 396.041518071007
-23.242454889019 379.485388832703
-22.5526161707564 365.688614467451
7.80028743279926 327.057646244744
51.2601266833449 274.629903656784
47.1210943737691 369.827646777027
ID=1312.jpg

LM=7
39.5328684728802 474.683131952946
7.11044871453665 460.196518869431
-22.5526161707564 450.538776813754
-20.4831000159685 357.410549848299
9.17996486932454 314.640549316016
51.9499654016075 273.250226220259
47.1210943737691 379.485388832703
ID=2124.jpg

LM=7
45.0515782189812 474.683131952946
6.42060999627405 394.661840634481
-26.0018097620695 376.726033959653
-21.8627774524937 370.517485495289
8.49012615106193 341.544259328259
39.5328684728802 273.940064938521
47.8109330920317 381.554904987491
ID=1597.jpg

LM=7
67.8162559216479 476.062809389471
-0.477777186352223 391.212647043168
-39.1087454090594 345.683291637835
-37.7290679725342 296.704742641188
12.6291584606377 273.940064938521
60.228030020759 285.667323148986
65.7467397668601 376.03619524139
ID=2447.jpg

LM=7
47.1210943737691 474.683131952946
8.49012615106193 383.624421142279
-21.8627774524937 346.373130356097
-17.0339064246553 338.784904455208
16.0783520519508 324.988130089956
46.4312556555065 274.629903656784
46.4312556555065 369.827646777027
ID=1225.jpg

LM=7
35.3938361633044 477.442486825997
2.97141640496088 385.693937297067
-27.3814871985948 358.790227284825
-24.6221323255443 351.202001383936
5.73077127801144 329.817001117794
45.0515782189812 274.629903656784
51.9499654016075 378.105711396178
ID=1730.jpg

LM=7
47.8109330920317 474.683131952946
6.42060999627405 402.25006653537
-32.9001969446958 367.068291903976
-32.2103582264331 355.341033693511
6.42060999627405 331.196678554319
51.9499654016075 274.629903656784
59.5381913024964 370.517485495289
ID=1321.jpg

LM=7
54.0194815563954 473.993293234684
7.11044871453665 394.661840634481
-27.3814871985948 382.934582424017
-25.3119710438069 371.207324213552
12.6291584606377 333.95603342737
48.5007718102943 273.250226220259
53.3296428381328 379.485388832703
ID=1115.jpg

LM=7
77.4739979773248 473.993293234684
8.49012615106193 456.747325278118
-55.6648746473625 431.913131420663
-53.5953584925746 402.25006653537
-1.1676159046149 341.544259328259
72.6451269494864 275.319742375047
77.4739979773248 378.795550114441
ID=2252.jpg

LM=7
41.6023846276681 476.062809389471
1.59173896843566 387.763453451855
-22.5526161707564 371.897162931814
-22.5526161707564 360.859743439612
9.86980358758715 326.367807526481
47.1210943737691 275.319742375047
49.8804492468196 374.656517804865
ID=491.jpg

LM=7
76.0943205407995 473.993293234684
20.9072230797893 451.228615532017
-32.9001969446958 442.950550912865
-46.0071325916857 380.175227550966
9.17996486932454 325.677968808218
71.9552882312237 273.940064938521
70.5756107946985 382.244743705754
ID=2431.jpg

LM=7
60.228030020759 477.442486825997
4.35109384148616 461.576196305956
-37.0392292542715 441.57087347634
-39.1087454090594 374.656517804865
2.28157768669827 328.437323681269
60.228030020759 272.560387501996
63.6772236120722 385.004098578804
ID=2419.jpg

LM=7
44.3617395007186 476.062809389471
-1.1676159046149 398.111034225794
-25.3119710438069 379.485388832703
-21.8627774524937 369.137808058764
2.97141640496088 355.341033693511
40.2227071911429 274.629903656784
50.5702879650822 376.03619524139
ID=1408.jpg

LM=7
45.7414169372438 474.683131952946
5.04093255974877 393.282163197956
-20.4831000159685 367.068291903976
-20.4831000159685 360.16990472135
10.5596423058498 326.367807526481
45.0515782189812 274.629903656784
47.1210943737691 374.656517804865
ID=1355.jpg

LM=7
67.1264172033853 473.993293234684
1.59173896843566 347.752807792623
-43.2477777186352 313.950710597754
-37.0392292542715 306.362484696865
16.0783520519508 298.084420077713
60.9178687390217 276.009581093309
66.4365784851227 378.105711396178
ID=1884.jpg

LM=7
65.7467397668601 474.683131952946
10.5596423058498 456.057486559855
-46.6969713099484 449.848938095491
-37.7290679725342 356.720711130037
5.04093255974877 302.223452387289
65.7467397668601 278.079097248097
67.8162559216479 372.587001650077
ID=2440.jpg

LM=7
39.5328684728802 472.613615798158
-3.92697077766539 425.7045829563
-25.3119710438069 403.629743971895
-25.3119710438069 358.790227284825
-1.8574546228775 320.84909778038
47.1210943737691 273.940064938521
55.3991589929207 374.656517804865
ID=2426.jpg

LM=7
41.6023846276681 474.683131952946
5.73077127801144 384.314259860542
-26.0018097620695 359.480066003087
-20.4831000159685 350.512162665673
9.86980358758715 332.576355990845
45.7414169372438 276.009581093309
47.8109330920317 374.656517804865
ID=1537.jpg

LM=7
50.5702879650822 473.993293234684
8.49012615106193 447.779421940704
-19.1034225794432 420.185873210198
-26.0018097620695 353.271517538724
9.17996486932454 316.020226752542
49.8804492468196 274.629903656784
50.5702879650822 380.175227550966
ID=2828.jpg

LM=7
41.6023846276681 475.372970671209
6.42060999627405 390.522808324905
-19.1034225794432 367.068291903976
-19.1034225794432 364.308937030926
14.6986746154256 320.84909778038
43.6719007824559 277.389258529834
42.9820620641933 376.03619524139
ID=1657.jpg

LM=7
54.0194815563954 474.683131952946
9.17996486932454 422.255389364986
-23.9322936072816 376.03619524139
-20.4831000159685 275.319742375047
22.2869005163145 304.98280726034
55.3991589929207 302.223452387289
60.228030020759 387.073614733592
ID=2223.jpg

LM=7
51.2601266833449 474.683131952946
3.66125512322355 350.512162665673
-29.4510033533826 324.298291371693
-28.0713259168574 319.469420343855
7.11044871453665 297.394581359451
42.9820620641933 274.629903656784
55.3991589929207 365.688614467451
ID=1594.jpg

LM=7
62.2975461755469 473.993293234684
11.939319742375 405.009421408421
-42.5579390003726 369.137808058764
-39.1087454090594 356.720711130037
19.527545643264 333.266194709107
66.4365784851227 273.940064938521
67.8162559216479 370.517485495289
ID=1320.jpg

LM=7
45.7414169372438 474.683131952946
3.66125512322355 444.33022834939
-32.2103582264331 429.153776547613
-31.5205195081705 379.485388832703
7.11044871453665 336.71538830042
47.1210943737691 275.319742375047
57.4686751477086 377.415872677916
ID=2249.jpg

LM=7
41.6023846276681 473.303454516421
2.28157768669827 379.485388832703
-20.4831000159685 350.512162665673
-19.7932612977058 336.025549582158
10.5596423058498 310.501517006441
46.4312556555065 275.319742375047
47.1210943737691 377.415872677916
ID=600.jpg

LM=7
80.9231915686379 475.372970671209
5.04093255974877 400.870389098845
-57.0445520838878 370.517485495289
-50.1461649012615 355.341033693511
16.0783520519508 332.576355990845
69.8857720764358 273.250226220259
78.85367541385 371.897162931814
ID=630.jpg

LM=7
49.8804492468196 476.062809389471
5.73077127801144 382.244743705754
-37.0392292542715 342.923936764784
-26.6916484803322 320.84909778038
14.6986746154256 307.74216213339
56.7788364294459 273.940064938521
60.9178687390217 371.207324213552
ID=1103.jpg

LM=7
51.2601266833449 472.613615798158
-0.477777186352223 409.838292436259
-28.0713259168574 364.308937030926
-25.3119710438069 349.82232394741
-1.1676159046149 343.613775483047
50.5702879650822 274.629903656784
53.3296428381328 381.554904987491
ID=261.jpg

LM=7
45.7414169372438 476.062809389471
11.939319742375 429.153776547613
-35.6595518177463 411.217969872784
-33.5900356629584 349.132485229148
0.212061531910384 301.533613669026
58.8483525842338 274.629903656784
60.228030020759 370.517485495289
ID=2194.jpg

LM=7
62.2975461755469 474.683131952946
9.17996486932454 451.918454250279
-32.9001969446958 429.153776547613
-42.5579390003726 384.314259860542
-1.1676159046149 326.367807526481
57.4686751477086 273.940064938521
66.4365784851227 370.517485495289
ID=2371.jpg

LM=7
49.8804492468196 474.683131952946
5.04093255974877 385.004098578804
-27.3814871985948 360.16990472135
-28.0713259168574 347.06296907436
7.11044871453665 332.576355990845
44.3617395007186 277.389258529834
54.0194815563954 374.656517804865
ID=1729.jpg

LM=7
35.3938361633044 476.062809389471
-4.616809495928 433.292808857188
-23.9322936072816 400.180550380582
-22.5526161707564 351.202001383936
5.73077127801144 313.950710597754
49.190610528557 276.699419811572
51.9499654016075 370.517485495289
ID=2374.jpg

LM=7
50.5702879650822 476.062809389471
5.04093255974877 440.191196039815
-32.9001969446958 410.528131154522
-28.76116463512 346.373130356097
11.939319742375 309.811678288178
60.228030020759 273.940064938521
63.6772236120722 373.966679086602
ID=2171.jpg

LM=7
49.8804492468196 474.683131952946
9.17996486932454 439.501357321552
-32.2103582264331 412.59764730931
-28.76116463512 363.619098312663
5.73077127801144 319.469420343855
58.8483525842338 275.319742375047
61.6077074572843 379.485388832703
ID=2199.jpg

LM=7
40.2227071911429 473.993293234684
3.66125512322355 391.902485761431
-17.0339064246553 356.720711130037
-15.65422898813 350.512162665673
7.80028743279926 319.469420343855
38.153191036355 276.009581093309
42.9820620641933 374.656517804865
ID=1459.jpg

LM=7
43.6719007824559 476.062809389471
-0.477777186352223 438.121679885027
-21.8627774524937 399.49071166232
-22.5526161707564 344.303614201309
3.66125512322355 308.432000851653
34.7039974450418 276.699419811572
48.5007718102943 381.554904987491
ID=2187.jpg

LM=7
33.3243200085165 477.442486825997
4.35109384148616 402.939905253633
-21.1729387342311 369.827646777027
-18.4135838611806 362.239420876138
15.3885133336882 327.747484963006
50.5702879650822 273.250226220259
49.8804492468196 376.03619524139
ID=603.jpg

LM=7
57.4686751477086 474.683131952946
10.5596423058498 441.57087347634
-39.1087454090594 417.426518337148
-32.9001969446958 348.442646510885
5.73077127801144 316.710065470804
63.6772236120722 273.940064938521
62.2975461755469 376.726033959653
ID=2451.jpg

LM=7
40.2227071911429 473.993293234684
-5.99648693245328 432.602970138926
-25.3119710438069 398.800872944057
-20.4831000159685 343.613775483047
8.49012615106193 291.186032895087
57.4686751477086 276.699419811572
49.8804492468196 369.827646777027
ID=2833.jpg

LM=7
39.5328684728802 476.062809389471
8.49012615106193 391.212647043168
-32.2103582264331 353.961356256986
-32.9001969446958 338.095065736946
18.8377069250014 310.501517006441
37.4633523180923 272.560387501996
62.2975461755469 375.346356523128
ID=1464.jpg

LM=7
82.9927077234258 474.683131952946
7.80028743279926 401.560227817107
-63.9429392665141 345.683291637835
-59.8039069569383 334.645872145633
7.80028743279926 307.052323415127
84.372385159951 276.009581093309
85.0622238782137 369.827646777027
ID=1648.jpg

LM=7
71.2654495129611 476.062809389471
-1.1676159046149 367.068291903976
-57.7343908021504 338.784904455208
-41.1782615638473 316.020226752542
17.4580294884761 313.950710597754
67.8162559216479 274.629903656784
85.0622238782137 374.656517804865
ID=632.jpg

LM=7
45.7414169372438 475.372970671209
-0.477777186352223 362.9292595944
-23.9322936072816 348.442646510885
-21.8627774524937 330.506839836057
10.5596423058498 322.918613935168
42.9820620641933 276.699419811572
49.8804492468196 372.587001650077
ID=544.jpg

LM=7
38.153191036355 473.993293234684
-3.23713205940278 360.859743439612
-28.76116463512 329.127162399532
-26.0018097620695 324.298291371693
16.0783520519508 307.74216213339
49.8804492468196 272.560387501996
57.4686751477086 377.415872677916
ID=1666.jpg

